16
-129 -47 80
-129.000000 193.000000 80.000000
111.000000 -47.000000 80.000000
111.000000 193.000000 80.000000
-49.000000 33.000000 160.000000
-49.000000 113.000000 160.000000
31.000000 33.000000 160.000000
31.000000 113.000000 160.000000
-49.000000 33.000000 240.000000
-49.000000 113.000000 240.000000
31.000000 33.000000 240.000000
31.000000 113.000000 240.000000
-129.000000 -47.000000 320.000000
-129.000000 193.000000 320.000000
111.000000 -47.000000 320.000000
111.000000 193.000000 320.000000

32
0 1
0 2
1 3
2 3
4 5
4 6
5 7
6 7
0 4
1 5
2 6
3 7
12 13
12 14
13 15
14 15
8 9
8 10
9 11
10 11
8 12
9 13
10 14
11 15
0 12
1 13
2 14
3 15
4 8
5 9
6 10
7 11